Symbol: ZERO  Size  29 Character: '0'
Note: Zero must have an even size.  Shape created with size: 30
123456789012345678901234567890

000000000000000000000000000000
0                           00
0                          0 0
0                         0  0
0                        0   0
0                       0    0
0                      0     0
0                     0      0
0                    0       0
0                   0        0
0                  0         0
0                 0          0
0                0           0
0               0            0
0              0             0
0             0              0
0            0               0
0           0                0
0          0                 0
0         0                  0
0        0                   0
0       0                    0
0      0                     0
0     0                      0
0    0                       0
0   0                        0
0  0                         0
0 0                          0
00                           0
000000000000000000000000000000


